-0.00697223 -0.0205763 -0.0371105 -0.0552798 -0.0742456 -0.0934045 -0.112338 -0.130905
-0.00697765 -0.0205919 -0.0371381 -0.0553195 -0.0742972 -0.0934673 -0.112412 -0.130989
-0.00698466 -0.0206131 -0.0371765 -0.0553765 -0.0743731 -0.0935618 -0.112524 -0.131119
-0.00699653 -0.0206472 -0.037236 -0.055462 -0.0744843 -0.0936981 -0.112685 -0.131303
-0.00701483 -0.0206996 -0.0373271 -0.055592 -0.0746518 -0.0939014 -0.112922 -0.131573
-0.00703507 -0.0207602 -0.0374354 -0.0557502 -0.07486 -0.0941583 -0.113226 -0.131922
-0.0070507 -0.0208103 -0.037529 -0.0558913 -0.0750509 -0.0943997 -0.113517 -0.132261
-0.00705837 -0.0208373 -0.0375814 -0.0559722 -0.0751625 -0.0945435 -0.113694 -0.132469
-0.00706031 -0.0208437 -0.037592 -0.0559859 -0.075179 -0.0945628 -0.113716 -0.132495
-0.00706157 -0.0208434 -0.0375848 -0.0559673 -0.0751455 -0.0945125 -0.113649 -0.132411
-0.00706491 -0.0208479 -0.0375855 -0.0559598 -0.0751262 -0.0944789 -0.1136 -0.132347
-0.00706746 -0.0208539 -0.0375944 -0.0559713 -0.0751399 -0.0944941 -0.113616 -0.132364
-0.00706352 -0.0208459 -0.0375852 -0.0559646 -0.0751387 -0.0945006 -0.113631 -0.132387
-0.00705611 -0.0208263 -0.0375534 -0.0559223 -0.0750884 -0.0944446 -0.113571 -0.132323
-0.00704906 -0.0208042 -0.0375123 -0.0558597 -0.0750032 -0.0943364 -0.11344 -0.132171
-0.00703787 -0.0207707 -0.0374516 -0.0557697 -0.0748826 -0.0941849 -0.113258 -0.131959
-0.00702437 -0.0207295 -0.0373771 -0.0556603 -0.0747384 -0.0940067 -0.113047 -0.131717
-0.00701623 -0.0207018 -0.0373239 -0.055579 -0.0746274 -0.0938657 -0.112876 -0.131518
-0.00701713 -0.0207005 -0.0373176 -0.0555657 -0.0746051 -0.0938327 -0.112832 -0.131461
-0.00702881 -0.0207322 -0.037372 -0.0556434 -0.0747055 -0.0939543 -0.112973 -0.131622
-0.00704008 -0.0207707 -0.0374476 -0.0557619 -0.0748699 -0.0941656 -0.11323 -0.131923
-0.00702893 -0.0207531 -0.0374354 -0.0557655 -0.0748981 -0.0942243 -0.113322 -0.132047
-0.0070019 -0.0206804 -0.0373139 -0.0555972 -0.074688 -0.0939781 -0.113044 -0.131741
-0.00698229 -0.0206123 -0.037178 -0.0553804 -0.0743821 -0.0935798 -0.112554 -0.131162
-0.00696931 -0.0205624 -0.0370736 -0.0552092 -0.0741341 -0.0932486 -0.112138 -0.130662
-0.00696267 -0.0205364 -0.0370214 -0.0551284 -0.0740234 -0.093107 -0.111965 -0.130458
-0.00697936 -0.0205793 -0.0370934 -0.0552313 -0.0741572 -0.093271 -0.112158 -0.130679
-0.00702921 -0.0207209 -0.0373411 -0.0555886 -0.074622 -0.0938387 -0.112824 -0.131438
-0.00709823 -0.0209285 -0.0377164 -0.0561423 -0.0753561 -0.0947499 -0.113906 -0.132684
-0.00716048 -0.0211293 -0.038094 -0.0567146 -0.0761323 -0.0957323 -0.115091 -0.134067
-0.00720887 -0.0212883 -0.0383933 -0.057167 -0.0767456 -0.0965099 -0.116032 -0.135168
-0.00724473 -0.0214004 -0.0385944 -0.057457 -0.0771229 -0.0969729 -0.116579 -0.135797
-0.00726043 -0.0214471 -0.0386717 -0.0575588 -0.0772439 -0.0971094 -0.116729 -0.135961
-0.00724524 -0.0214031 -0.0385904 -0.0574353 -0.0770765 -0.0968984 -0.116476 -0.135667
-0.00719166 -0.0212484 -0.0383173 -0.0570404 -0.0765625 -0.0962704 -0.11574 -0.134827
-0.00710053 -0.0209814 -0.0378438 -0.0563531 -0.0756641 -0.0951681 -0.114442 -0.133341
-0.00698154 -0.0206257 -0.037205 -0.0554168 -0.074429 -0.09364 -0.112631 -0.131256
-0.00683683 -0.0201928 -0.036428 -0.0542786 -0.0729276 -0.0917816 -0.110426 -0.128716
-0.00667475 -0.0197071 -0.0355581 -0.0530077 -0.0712561 -0.0897176 -0.107982 -0.125904
-0.00652786 -0.0192569 -0.034743 -0.0518078 -0.0696675 -0.0877453 -0.105636 -0.123196
-0.0064131 -0.0189034 -0.0341032 -0.0508667 -0.0684196 -0.0861911 -0.10378 -0.121047
-0.00633231 -0.0186598 -0.0336741 -0.0502506 -0.0676188 -0.0852087 -0.10262 -0.119712
-0.00629237 -0.0185441 -0.0334826 -0.0499925 -0.0673009 -0.0848357 -0.102194 -0.119235
-0.00629546 -0.0185605 -0.0335316 -0.0500883 -0.0674501 -0.0850402 -0.102453 -0.119545
-0.00632822 -0.0186715 -0.0337549 -0.0504425 -0.0679428 -0.0856724 -0.103221 -0.120444
-0.00636743 -0.0188085 -0.03403 -0.0508769 -0.0685464 -0.086448 -0.104167 -0.121554
-0.00639588 -0.0189138 -0.0342445 -0.0512165 -0.0690199 -0.0870594 -0.104916 -0.122437
-0.00639921 -0.0189406 -0.0343095 -0.0513254 -0.069177 -0.0872677 -0.105176 -0.122749
-0.00637845 -0.0188839 -0.0342088 -0.0511743 -0.0689732 -0.0870116 -0.10487 -0.122396
-0.00635083 -0.0187918 -0.0340269 -0.0508855 -0.0685676 -0.0864853 -0.104224 -0.121634
-0.00632768 -0.0187086 -0.0338574 -0.0506129 -0.0681811 -0.0859793 -0.103598 -0.120891
-0.00631292 -0.0186559 -0.0337526 -0.0504494 -0.067955 -0.0856885 -0.103242 -0.120471
-0.00630851 -0.0186422 -0.0337304 -0.0504221 -0.0679255 -0.0856583 -0.103212 -0.12044
-0.00632806 -0.0186979 -0.0338314 -0.0505736 -0.0681295 -0.085915 -0.10352 -0.120798
-0.00638844 -0.0188681 -0.0341274 -0.0509978 -0.0686777 -0.0865813 -0.104298 -0.121684
-0.00649218 -0.0191668 -0.0346517 -0.0517534 -0.0696595 -0.0877795 -0.105703 -0.123286
-0.00663865 -0.0195952 -0.0354103 -0.052855 -0.0711022 -0.0895542 -0.107797 -0.125689
-0.00682776 -0.0201539 -0.0364025 -0.0542975 -0.072994 -0.0918852 -0.110553 -0.128855
-0.00705577 -0.0208312 -0.0376055 -0.0560436 -0.0752809 -0.0947002 -0.113878 -0.132674
-0.00731827 -0.0216102 -0.0389835 -0.0580368 -0.0778848 -0.0979 -0.117654 -0.137008
-0.00757508 -0.022386 -0.0403674 -0.0600496 -0.0805266 -0.101159 -0.121513 -0.141448
-0.00775694 -0.0229619 -0.0414206 -0.0616092 -0.0826058 -0.10376 -0.124626 -0.145059
-0.00782383 -0.0231958 -0.0418642 -0.0622808 -0.0835213 -0.10493 -0.126055 -0.146743
-0.00775111 -0.0229992 -0.0415211 -0.0617836 -0.0828753 -0.104146 -0.125146 -0.145717
-0.00751217 -0.0222985 -0.040268 -0.0599477 -0.0804556 -0.101158 -0.121611 -0.141659
-0.00710202 -0.0210835 -0.0380956 -0.0567719 -0.0762758 -0.0959977 -0.115506 -0.134646
-0.0065899 -0.0195349 -0.0352962 -0.0526497 -0.0708201 -0.0892304 -0.107467 -0.125377
-0.00609039 -0.017981 -0.0324384 -0.0483879 -0.0651191 -0.0820939 -0.0989239 -0.115466
-0.00564996 -0.0166039 -0.0299076 -0.0446206 -0.0600821 -0.0757831 -0.0913568 -0.10667
-0.00527186 -0.0154475 -0.0278321 -0.0415956 -0.0561067 -0.0708681 -0.0855189 -0.0999268
-0.00498345 -0.0145875 -0.0263328 -0.0394652 -0.0533644 -0.0675332 -0.0816079 -0.0954506
-0.00480786 -0.0140818 -0.0254889 -0.0383093 -0.0519167 -0.0658076 -0.0796129 -0.0931901
-0.00474373 -0.0139214 -0.0252744 -0.0380792 -0.051691 -0.0655945 -0.0794136 -0.0930021
-0.00477521 -0.0140566 -0.0255955 -0.0386344 -0.0525007 -0.0666642 -0.0807386 -0.0945733
-0.00488054 -0.0144148 -0.0263116 -0.0397586 -0.0540514 -0.068642 -0.0831328 -0.0973685
-0.005016 -0.0148672 -0.0271919 -0.0411149 -0.0559001 -0.070982 -0.0859521 -0.100651
-0.00516965 -0.0153571 -0.0281104 -0.0424936 -0.0577463 -0.0732923 -0.0887157 -0.103854
-0.00538041 -0.0159773 -0.029204 -0.0440623 -0.0597743 -0.0757599 -0.0916045 -0.10715
-0.00565589 -0.0167757 -0.0305943 -0.0460396 -0.0623119 -0.078826 -0.0951708 -0.111197
-0.00599572 -0.01777 -0.032341 -0.0485505 -0.0655708 -0.0828051 -0.0998402 -0.116532
-0.00642097 -0.0190215 -0.0345477 -0.0517358 -0.0697243 -0.0879007 -0.105845 -0.123416
-0.006948 -0.0205761 -0.0372875 -0.0556875 -0.0748738 -0.0942154 -0.113285 -0.131946
-0.00757609 -0.022439 -0.0405748 -0.0604265 -0.0810449 -0.101779 -0.122196 -0.142163
-0.00828338 -0.0245263 -0.0442513 -0.0657406 -0.0879893 -0.11032 -0.132289 -0.153765
-0.00902686 -0.0266739 -0.04799 -0.0711434 -0.0950762 -0.11908 -0.142693 -0.165778
-0.00974455 -0.0287158 -0.0514979 -0.0761749 -0.101653 -0.1272 -0.152337 -0.176924
-0.010353 -0.0304517 -0.0544698 -0.0804104 -0.107156 -0.133962 -0.160339 -0.186147
-0.0107812 -0.0316789 -0.0565698 -0.0833959 -0.111027 -0.138711 -0.165955 -0.192618
-0.0110097 -0.0323205 -0.0576468 -0.0849048 -0.112964 -0.141072 -0.168735 -0.195813
-0.0110626 -0.0324419 -0.0577991 -0.085057 -0.113097 -0.141178 -0.168813 -0.195865
-0.0109549 -0.0320978 -0.057129 -0.0840129 -0.11166 -0.139344 -0.166593 -0.193275
-0.0106849 -0.0312896 -0.0556514 -0.0818162 -0.10874 -0.13572 -0.162295 -0.188334
-0.0102814 -0.0300869 -0.0534765 -0.078611 -0.104505 -0.130486 -0.156104 -0.181226
-0.00977117 -0.0285613 -0.0507339 -0.0745893 -0.0992021 -0.12393 -0.14834 -0.172296
-0.00915987 -0.0267363 -0.0474817 -0.06986 -0.0930034 -0.116296 -0.139315 -0.161928
-0.0084489 -0.0246406 -0.0437904 -0.0645311 -0.0860506 -0.107756 -0.129234 -0.150346
-0.0076542 -0.0223284 -0.0397539 -0.058724 -0.0784806 -0.0984553 -0.118244 -0.137704
-0.00682093 -0.0198974 -0.0354949 -0.0525768 -0.0704458 -0.0885621 -0.106534 -0.124216
-0.00598582 -0.0174334 -0.0311378 -0.0462481 -0.0621361 -0.0782951 -0.0943476 -0.110147
-0.0051481 -0.0149466 -0.0267269 -0.0398316 -0.0537002 -0.0678583 -0.081945 -0.0958142
-0.00429411 -0.0124163 -0.0222586 -0.0333607 -0.0452239 -0.0574006 -0.0695437 -0.081507
-0.00348565 -0.0100053 -0.0179994 -0.0271959 -0.0371488 -0.0474347 -0.0577195 -0.067857
-0.00283382 -0.00803019 -0.014496 -0.0221077 -0.0304493 -0.0391167 -0.0477922 -0.056337
-0.00240604 -0.00670793 -0.0121648 -0.0187418 -0.0260143 -0.0335794 -0.0411289 -0.0485406
-0.00224827 -0.0061827 -0.0112711 -0.017498 -0.0243986 -0.0315555 -0.0386607 -0.0456071
-0.00235506 -0.00650007 -0.0119421 -0.0186028 -0.025952 -0.0335436 -0.0410589 -0.0483928
