-0.0116983 -0.0341046 -0.0611396 -0.0908817 -0.121939 -0.153398 -0.18456 -0.215191
-0.0117016 -0.0341138 -0.0611552 -0.090904 -0.121967 -0.153432 -0.184599 -0.215235
-0.0117071 -0.0341306 -0.0611861 -0.0909503 -0.122029 -0.15351 -0.184692 -0.215342
-0.0117186 -0.0341638 -0.0612444 -0.0910344 -0.122139 -0.153645 -0.184851 -0.215525
-0.011738 -0.0342199 -0.0613426 -0.0911751 -0.122321 -0.153866 -0.185109 -0.215819
-0.0117604 -0.034288 -0.0614654 -0.0913551 -0.122558 -0.154159 -0.185456 -0.216218
-0.0117788 -0.0343477 -0.0615776 -0.0915244 -0.122787 -0.154448 -0.185805 -0.216625
-0.0117893 -0.0343846 -0.0616491 -0.0916341 -0.122938 -0.154641 -0.18604 -0.216901
-0.0117942 -0.0344006 -0.0616775 -0.0916741 -0.122989 -0.154703 -0.186114 -0.216986
-0.0117987 -0.0344099 -0.0616871 -0.0916792 -0.122986 -0.154689 -0.186089 -0.216951
-0.0118054 -0.0344238 -0.0617037 -0.0916938 -0.122994 -0.154689 -0.186079 -0.21693
-0.0118105 -0.0344375 -0.0617259 -0.0917244 -0.123033 -0.154735 -0.18613 -0.216988
-0.0118077 -0.0344334 -0.061724 -0.0917287 -0.123047 -0.15476 -0.186169 -0.217038
-0.0118004 -0.034414 -0.0616929 -0.0916876 -0.122998 -0.154707 -0.186112 -0.216979
-0.0117928 -0.03439 -0.0616474 -0.091618 -0.122903 -0.154586 -0.185965 -0.216808
-0.0117802 -0.0343515 -0.0615768 -0.0915125 -0.122761 -0.154407 -0.18575 -0.216558
-0.0117646 -0.0343027 -0.0614874 -0.0913805 -0.122586 -0.154191 -0.185494 -0.216262
-0.0117543 -0.0342673 -0.0614188 -0.0912754 -0.122443 -0.154009 -0.185274 -0.216005
-0.0117536 -0.0342598 -0.0614001 -0.091243 -0.122395 -0.153943 -0.185189 -0.215902
-0.0117645 -0.0342883 -0.061448 -0.0913109 -0.122482 -0.154048 -0.18531 -0.216039
-0.0117747 -0.0343244 -0.0615207 -0.0914265 -0.122644 -0.154257 -0.185566 -0.216339
-0.0117607 -0.0343005 -0.0615002 -0.0914207 -0.122663 -0.154307 -0.18565 -0.216457
-0.0117303 -0.0342187 -0.0613637 -0.0912319 -0.122427 -0.154031 -0.185339 -0.216113
-0.0117093 -0.0341443 -0.0612141 -0.0909931 -0.12209 -0.153592 -0.184799 -0.215476
-0.0116957 -0.0340901 -0.0610993 -0.0908042 -0.121817 -0.153227 -0.184339 -0.214922
-0.0116886 -0.0340609 -0.0610399 -0.0907124 -0.121691 -0.153066 -0.184143 -0.214692
-0.0117066 -0.0341066 -0.061116 -0.090821 -0.121832 -0.153239 -0.184348 -0.214925
-0.0117604 -0.0342604 -0.061386 -0.0912107 -0.122339 -0.153859 -0.185074 -0.215754
-0.0118357 -0.034489 -0.0618008 -0.0918229 -0.12315 -0.154866 -0.18627 -0.217133
-0.0119062 -0.0347171 -0.0622288 -0.0924696 -0.124025 -0.155972 -0.187603 -0.218687
-0.0119645 -0.0349072 -0.0625838 -0.0930028 -0.124745 -0.156881 -0.188702 -0.21997
-0.012011 -0.0350515 -0.0628413 -0.0933736 -0.125228 -0.157473 -0.1894 -0.220774
-0.0120368 -0.0351278 -0.0629702 -0.0935489 -0.125443 -0.157725 -0.189686 -0.221092
-0.012029 -0.0351058 -0.0629271 -0.0934799 -0.125347 -0.157601 -0.189535 -0.220915
-0.0119779 -0.0349589 -0.0626681 -0.0931057 -0.12486 -0.157007 -0.188839 -0.220122
-0.0118835 -0.0346813 -0.0621755 -0.0923912 -0.123926 -0.155862 -0.187491 -0.218579
-0.0117543 -0.0342931 -0.0614782 -0.0913705 -0.122582 -0.154199 -0.185521 -0.216312
-0.0115904 -0.0338014 -0.0605974 -0.090084 -0.120888 -0.152106 -0.18304 -0.213454
-0.0114012 -0.0332336 -0.0595824 -0.0886049 -0.118946 -0.149711 -0.180205 -0.210193
-0.0112238 -0.0326903 -0.0586002 -0.0871614 -0.117037 -0.147342 -0.177388 -0.206941
-0.0110772 -0.0322393 -0.0577857 -0.0859648 -0.115452 -0.14537 -0.175035 -0.204215
-0.0109634 -0.0318969 -0.0571816 -0.0850959 -0.114321 -0.14398 -0.173392 -0.202326
-0.0108925 -0.0316893 -0.0568294 -0.0846076 -0.113704 -0.143241 -0.172536 -0.201354
-0.0108705 -0.0316316 -0.0567493 -0.0845187 -0.113614 -0.143153 -0.172449 -0.201268
-0.0108854 -0.0316908 -0.0568838 -0.0847473 -0.113945 -0.143587 -0.172986 -0.201903
-0.0109131 -0.0317961 -0.0571079 -0.0851132 -0.114464 -0.144263 -0.173817 -0.202885
-0.0109357 -0.0318873 -0.0573031 -0.0854312 -0.114915 -0.144853 -0.174546 -0.203749
-0.0109376 -0.0319137 -0.0573723 -0.0855512 -0.115092 -0.14509 -0.174844 -0.204108
-0.0109189 -0.0318657 -0.0572908 -0.0854313 -0.114932 -0.144891 -0.174607 -0.203836
-0.0108966 -0.0317903 -0.0571404 -0.0851899 -0.114589 -0.144442 -0.174053 -0.20318
-0.0108811 -0.03173 -0.057013 -0.0849798 -0.114285 -0.144038 -0.173546 -0.202572
-0.0108752 -0.0317043 -0.0569576 -0.0848896 -0.114156 -0.143868 -0.173334 -0.202318
-0.01088 -0.0317186 -0.0569868 -0.0849389 -0.114229 -0.143965 -0.173456 -0.202463
-0.0109094 -0.0318042 -0.0571416 -0.0851689 -0.114536 -0.144349 -0.173916 -0.202996
-0.010982 -0.0320105 -0.0575 -0.0856813 -0.115198 -0.145153 -0.174855 -0.204065
-0.0111007 -0.0323539 -0.0581013 -0.0865447 -0.116316 -0.146516 -0.176451 -0.205887
-0.0112656 -0.0328385 -0.0589578 -0.0877839 -0.117935 -0.148503 -0.178794 -0.208572
-0.0114797 -0.0334716 -0.0600786 -0.0894071 -0.120058 -0.151114 -0.181877 -0.212112
-0.0117418 -0.0342477 -0.0614499 -0.0913899 -0.122647 -0.154296 -0.185632 -0.216422
-0.0120443 -0.0351459 -0.0630362 -0.0936802 -0.125636 -0.157966 -0.189961 -0.22139
-0.0123419 -0.0360515 -0.0646551 -0.0960352 -0.128727 -0.16178 -0.194479 -0.226591
-0.0125617 -0.0367543 -0.0659441 -0.0979421 -0.131266 -0.164951 -0.198272 -0.230991
-0.0126621 -0.0370993 -0.0665932 -0.0989158 -0.13258 -0.166615 -0.200287 -0.233353
-0.0126135 -0.0369782 -0.0663857 -0.0986161 -0.132193 -0.166153 -0.19976 -0.232767
-0.0123811 -0.0362911 -0.0651522 -0.0968088 -0.129814 -0.163219 -0.196294 -0.228791
-0.0119495 -0.0350055 -0.0628511 -0.0934488 -0.125399 -0.157776 -0.189861 -0.221406
-0.0113905 -0.0333089 -0.0597837 -0.0889366 -0.119432 -0.150378 -0.181075 -0.211277
-0.010827 -0.031551 -0.0565518 -0.0841226 -0.112997 -0.142325 -0.171434 -0.200088
-0.010302 -0.0299143 -0.0535541 -0.0796717 -0.107056 -0.134888 -0.162518 -0.189721
-0.00982446 -0.0284552 -0.0509368 -0.0758566 -0.10204 -0.128682 -0.155139 -0.181188
-0.00942984 -0.0272705 -0.0488538 -0.0728713 -0.0981674 -0.123941 -0.149548 -0.174759
-0.00914395 -0.0264291 -0.0474087 -0.0708362 -0.0955577 -0.120769 -0.145826 -0.170494
-0.00897045 -0.0259385 -0.0466066 -0.0697518 -0.0942086 -0.119166 -0.143973 -0.168395
-0.0088993 -0.0257696 -0.0463948 -0.069542 -0.0940238 -0.119017 -0.143863 -0.16832
-0.00891753 -0.025878 -0.0466857 -0.0700688 -0.0948097 -0.120069 -0.145179 -0.169892
-0.00899376 -0.0261652 -0.047294 -0.0710517 -0.0961875 -0.121845 -0.147344 -0.172432
-0.00912013 -0.0265822 -0.0481008 -0.0722873 -0.0978625 -0.123957 -0.149883 -0.175385
-0.00933556 -0.0272233 -0.0492481 -0.0739509 -0.100028 -0.126606 -0.152994 -0.178944
-0.0096505 -0.0281454 -0.0508691 -0.0762737 -0.103027 -0.130246 -0.157244 -0.183781
-0.0100629 -0.0293616 -0.0530158 -0.0793689 -0.107055 -0.135175 -0.16304 -0.190413
-0.0105897 -0.0309204 -0.055771 -0.0833509 -0.112253 -0.141559 -0.170571 -0.199056
-0.0112401 -0.0328527 -0.0591874 -0.088286 -0.118692 -0.149465 -0.179897 -0.209761
-0.0120061 -0.0351497 -0.0632622 -0.0941743 -0.126373 -0.158894 -0.191023 -0.222537
-0.0128539 -0.0377085 -0.0678187 -0.100784 -0.135025 -0.16955 -0.203632 -0.237052
-0.0137557 -0.0403638 -0.0724953 -0.107576 -0.143958 -0.180614 -0.216796 -0.252279
-0.0146732 -0.042976 -0.0769969 -0.114058 -0.152463 -0.191153 -0.229359 -0.266847
-0.0155138 -0.0453561 -0.0810564 -0.119843 -0.159989 -0.20042 -0.240354 -0.279551
-0.0161904 -0.0472744 -0.0843113 -0.124445 -0.165933 -0.207691 -0.248936 -0.289425
-0.0166463 -0.0485557 -0.086468 -0.12747 -0.169811 -0.212409 -0.25448 -0.295783
-0.0168688 -0.0491668 -0.087473 -0.128851 -0.171549 -0.214489 -0.256893 -0.298522
-0.0168734 -0.0491519 -0.087383 -0.128651 -0.171226 -0.214038 -0.256318 -0.297829
-0.0166623 -0.0485127 -0.0861923 -0.126858 -0.168824 -0.211045 -0.252758 -0.293729
-0.0162645 -0.0473156 -0.083998 -0.123592 -0.164483 -0.205658 -0.246371 -0.286388
-0.0157173 -0.0456636 -0.0809865 -0.11913 -0.158561 -0.198309 -0.237646 -0.276341
-0.0150413 -0.0436201 -0.0772942 -0.113708 -0.151407 -0.189459 -0.227152 -0.264258
-0.0142563 -0.0412467 -0.0730384 -0.107507 -0.143274 -0.179433 -0.215288 -0.250606
-0.0133628 -0.0385815 -0.0683148 -0.100665 -0.134325 -0.168413 -0.202243 -0.235577
-0.0123613 -0.0356466 -0.0631762 -0.0932599 -0.124651 -0.156498 -0.188126 -0.219296
-0.0112911 -0.0325161 -0.0576989 -0.0853639 -0.114331 -0.143777 -0.17304 -0.20188
-0.0101912 -0.0292731 -0.0519874 -0.0770919 -0.103482 -0.130369 -0.157106 -0.183451
-0.00906213 -0.025926 -0.0460722 -0.0685077 -0.0922058 -0.116413 -0.140501 -0.164231
-0.00795962 -0.0226229 -0.0402067 -0.0599744 -0.0809762 -0.102495 -0.123925 -0.145036
-0.00699736 -0.0197039 -0.0349997 -0.0523757 -0.0709439 -0.0900198 -0.109022 -0.127735
-0.00623439 -0.0174052 -0.0309505 -0.0465256 -0.0632673 -0.0805012 -0.09766 -0.114539
-0.00573475 -0.0159156 -0.0284168 -0.0429849 -0.058737 -0.0749825 -0.0911443 -0.107016
-0.00558505 -0.0154602 -0.0277704 -0.0422677 -0.0579947 -0.074219 -0.0903421 -0.106154
