-0.0636026 -0.186698 -0.332474 -0.489069 -0.650343 -0.812419 -0.972754 -1.13059
-0.0636014 -0.186692 -0.332459 -0.489045 -0.650308 -0.812373 -0.972697 -1.13052
-0.0636006 -0.186689 -0.332452 -0.489033 -0.650293 -0.812354 -0.972674 -1.1305
-0.0636066 -0.186703 -0.332474 -0.489063 -0.65033 -0.812397 -0.972723 -1.13055
-0.0636231 -0.186748 -0.332551 -0.48917 -0.650465 -0.812558 -0.972908 -1.13076
-0.063645 -0.186814 -0.332668 -0.489341 -0.65069 -0.812835 -0.973235 -1.13113
-0.0636637 -0.186876 -0.332786 -0.489521 -0.650933 -0.813144 -0.973608 -1.13157
-0.0636747 -0.186917 -0.332868 -0.489649 -0.65111 -0.813372 -0.973888 -1.1319
-0.0636814 -0.18694 -0.332912 -0.489712 -0.651194 -0.813476 -0.974012 -1.13204
-0.0636906 -0.186964 -0.332946 -0.489753 -0.651236 -0.813516 -0.97405 -1.13208
-0.0637052 -0.187001 -0.333002 -0.489822 -0.651313 -0.813598 -0.974134 -1.13216
-0.0637191 -0.187041 -0.333071 -0.48992 -0.651439 -0.813751 -0.974312 -1.13237
-0.0637227 -0.187058 -0.33311 -0.489986 -0.651537 -0.813882 -0.974478 -1.13257
-0.0637194 -0.187053 -0.333107 -0.489988 -0.651548 -0.813906 -0.974515 -1.13262
-0.0637149 -0.187039 -0.333079 -0.489945 -0.651487 -0.813827 -0.974418 -1.1325
-0.0637025 -0.187001 -0.33301 -0.489841 -0.651347 -0.813648 -0.974203 -1.13225
-0.0636841 -0.186943 -0.332903 -0.489683 -0.651137 -0.813389 -0.973896 -1.1319
-0.0636702 -0.186894 -0.332808 -0.489537 -0.650939 -0.813138 -0.973593 -1.13155
-0.0636665 -0.186875 -0.332764 -0.489465 -0.650836 -0.813002 -0.973423 -1.13134
-0.0636763 -0.186897 -0.332798 -0.489509 -0.650889 -0.813063 -0.973489 -1.13141
-0.0636844 -0.186927 -0.33286 -0.489609 -0.651032 -0.813248 -0.973717 -1.13168
-0.0636601 -0.186877 -0.3328 -0.489554 -0.650993 -0.813235 -0.973734 -1.13173
-0.063614 -0.186751 -0.33259 -0.489264 -0.650633 -0.812813 -0.973256 -1.1312
-0.0635804 -0.186636 -0.332365 -0.488913 -0.650145 -0.812185 -0.97249 -1.1303
-0.0635581 -0.186551 -0.33219 -0.48863 -0.64974 -0.811649 -0.97182 -1.1295
-0.0635445 -0.1865 -0.332087 -0.488472 -0.649524 -0.811375 -0.971486 -1.1291
-0.063563 -0.186545 -0.332159 -0.488573 -0.649655 -0.811534 -0.971672 -1.12932
-0.06363 -0.186735 -0.332491 -0.48905 -0.650273 -0.812286 -0.972554 -1.13032
-0.0637277 -0.187032 -0.333029 -0.489841 -0.651318 -0.81358 -0.974088 -1.13209
-0.0638204 -0.187337 -0.333606 -0.490714 -0.652497 -0.815066 -0.975876 -1.13417
-0.0638994 -0.187605 -0.334116 -0.491484 -0.653535 -0.816378 -0.977459 -1.13602
-0.0639688 -0.187832 -0.334533 -0.492091 -0.654331 -0.817358 -0.97862 -1.13736
-0.0640187 -0.18799 -0.334814 -0.492488 -0.654835 -0.817963 -0.97932 -1.13815
-0.0640297 -0.188032 -0.334888 -0.492589 -0.65496 -0.818111 -0.97949 -1.13834
-0.063985 -0.187909 -0.334676 -0.492285 -0.654569 -0.817639 -0.978943 -1.13772
-0.0638808 -0.187602 -0.334132 -0.491499 -0.653549 -0.816393 -0.977482 -1.13606
-0.0637262 -0.18713 -0.333277 -0.490248 -0.651904 -0.814364 -0.975082 -1.13329
-0.0635184 -0.186492 -0.332123 -0.488559 -0.649682 -0.811619 -0.971829 -1.12955
-0.063263 -0.185713 -0.33072 -0.48651 -0.646989 -0.808297 -0.967896 -1.12502
-0.0630055 -0.184921 -0.329281 -0.484391 -0.644187 -0.80482 -0.96376 -1.12025
-0.0627726 -0.184206 -0.327987 -0.482487 -0.641663 -0.80168 -0.960014 -1.11591
-0.0625695 -0.183595 -0.326902 -0.480916 -0.639609 -0.799149 -0.957015 -1.11245
-0.0624116 -0.18313 -0.326096 -0.479773 -0.638138 -0.79736 -0.954918 -1.11005
-0.062311 -0.182843 -0.32562 -0.479119 -0.637316 -0.796376 -0.953775 -1.10875
-0.0622585 -0.182711 -0.325431 -0.478895 -0.637068 -0.796109 -0.953491 -1.10845
-0.0622298 -0.182662 -0.325405 -0.478922 -0.637163 -0.796281 -0.953743 -1.10878
-0.0622084 -0.182636 -0.325419 -0.479006 -0.637331 -0.796543 -0.954099 -1.10923
-0.0621774 -0.182576 -0.325363 -0.478972 -0.63733 -0.796577 -0.954172 -1.10934
-0.0621363 -0.182472 -0.325202 -0.47876 -0.637066 -0.796265 -0.953814 -1.10894
-0.062106 -0.182378 -0.325032 -0.478501 -0.636711 -0.795808 -0.953255 -1.10828
-0.0620975 -0.182343 -0.324954 -0.478367 -0.636508 -0.795529 -0.952896 -1.10784
-0.0621095 -0.182374 -0.325006 -0.478436 -0.636591 -0.795621 -0.952995 -1.10794
-0.0621382 -0.182466 -0.325181 -0.478705 -0.636957 -0.796086 -0.953556 -1.1086
-0.0621994 -0.182651 -0.32552 -0.479207 -0.637625 -0.796918 -0.954549 -1.10975
-0.0623177 -0.182994 -0.32612 -0.480066 -0.638736 -0.79827 -0.956132 -1.11155
-0.0624979 -0.183516 -0.327032 -0.481371 -0.640422 -0.800321 -0.958532 -1.11429
-0.0627387 -0.184222 -0.328272 -0.483156 -0.642744 -0.803163 -0.961876 -1.11812
-0.0630414 -0.18512 -0.329858 -0.485444 -0.645726 -0.806823 -0.96619 -1.12307
-0.0634039 -0.186206 -0.331783 -0.488225 -0.649351 -0.81127 -0.971434 -1.12909
-0.063819 -0.187463 -0.334021 -0.491458 -0.653568 -0.816445 -0.97754 -1.1361
-0.0642334 -0.188753 -0.336349 -0.494854 -0.658029 -0.821954 -0.984071 -1.14363
-0.0645621 -0.189818 -0.338315 -0.497771 -0.661916 -0.826813 -0.989888 -1.15038
-0.0647589 -0.190471 -0.339534 -0.499594 -0.664368 -0.829906 -0.993624 -1.15475
-0.0647808 -0.190566 -0.339715 -0.499863 -0.664732 -0.830377 -0.99421 -1.15546
-0.0645709 -0.189947 -0.33859 -0.498194 -0.662518 -0.827631 -0.990953 -1.15171
-0.0640946 -0.188516 -0.336001 -0.494386 -0.657495 -0.821423 -0.983601 -1.14325
-0.0634284 -0.186453 -0.332228 -0.488817 -0.650128 -0.812295 -0.972766 -1.13076
-0.0627172 -0.184184 -0.32801 -0.48252 -0.641716 -0.80178 -0.960186 -1.11617
-0.0620061 -0.18194 -0.323863 -0.476335 -0.633447 -0.791418 -0.947754 -1.1017
-0.0612994 -0.179773 -0.319945 -0.470581 -0.625839 -0.781964 -0.936473 -1.08861
-0.0606389 -0.177787 -0.316419 -0.465472 -0.619152 -0.773716 -0.926681 -1.07729
-0.0600635 -0.176081 -0.313433 -0.461186 -0.613575 -0.76686 -0.91856 -1.06791
-0.0595887 -0.174697 -0.31105 -0.457806 -0.60921 -0.761521 -0.912258 -1.06066
-0.0592154 -0.173637 -0.309278 -0.455346 -0.606083 -0.757742 -0.907836 -1.0556
-0.058942 -0.172894 -0.308092 -0.453765 -0.604135 -0.755446 -0.905202 -1.05263
-0.0587449 -0.172399 -0.307372 -0.452884 -0.603129 -0.754336 -0.903997 -1.05133
-0.0586452 -0.17218 -0.307123 -0.452663 -0.602963 -0.754237 -0.903971 -1.05138
-0.0587261 -0.172446 -0.307665 -0.453503 -0.60409 -0.755634 -0.905623 -1.05328
-0.0590119 -0.173297 -0.309207 -0.455759 -0.607026 -0.75921 -0.909801 -1.05803
-0.0594933 -0.174731 -0.311793 -0.459551 -0.612009 -0.765345 -0.917041 -1.06634
-0.0601819 -0.176792 -0.315509 -0.464999 -0.61918 -0.774197 -0.927521 -1.07839
-0.0610838 -0.179511 -0.320397 -0.47214 -0.628556 -0.785757 -0.941199 -1.09413
-0.0621861 -0.182872 -0.326429 -0.480918 -0.640063 -0.799936 -0.957981 -1.11345
-0.063419 -0.186698 -0.333342 -0.491013 -0.653334 -0.816335 -0.977445 -1.13592
-0.0647328 -0.190746 -0.340652 -0.501738 -0.667514 -0.833959 -0.998475 -1.16032
-0.0661386 -0.194902 -0.348006 -0.512475 -0.681713 -0.851648 -1.01965 -1.18496
-0.0675662 -0.199015 -0.355157 -0.522827 -0.695342 -0.868589 -1.03991 -1.20854
-0.0689117 -0.202864 -0.361809 -0.532416 -0.70792 -0.884177 -1.05851 -1.23012
-0.0701575 -0.206391 -0.367826 -0.540984 -0.719053 -0.897867 -1.07474 -1.24887
-0.0712652 -0.209515 -0.373099 -0.548391 -0.728556 -0.909429 -1.08833 -1.26447
-0.0720751 -0.211849 -0.377112 -0.554094 -0.735923 -0.918418 -1.0989 -1.27658
-0.0724962 -0.213113 -0.379348 -0.557353 -0.740229 -0.923777 -1.1053 -1.28401
-0.0725836 -0.21337 -0.379752 -0.557888 -0.740911 -0.924631 -1.10635 -1.28526
-0.0723516 -0.212642 -0.378308 -0.555598 -0.737727 -0.920555 -1.10141 -1.27949
-0.0717803 -0.210874 -0.374935 -0.550407 -0.730648 -0.911602 -1.09064 -1.26699
-0.0708988 -0.208147 -0.36983 -0.542688 -0.720271 -0.898619 -1.07515 -1.24909
-0.0697636 -0.204654 -0.363385 -0.533077 -0.707478 -0.882711 -1.05622 -1.22723
-0.0684201 -0.200541 -0.355891 -0.522019 -0.692848 -0.864558 -1.03462 -1.20224
-0.0669067 -0.195899 -0.347486 -0.50969 -0.676585 -0.84439 -1.01059 -1.1744
-0.0652439 -0.190782 -0.338232 -0.496134 -0.65871 -0.822214 -0.984145 -1.14372
-0.0633965 -0.185139 -0.328064 -0.481246 -0.639059 -0.797803 -0.954999 -1.10987
-0.0614223 -0.179123 -0.317212 -0.465299 -0.617938 -0.771502 -0.923552 -1.07332
-0.0594809 -0.173189 -0.306492 -0.449487 -0.59691 -0.74522 -0.892035 -1.03661
-0.0576869 -0.167732 -0.296694 -0.435084 -0.57777 -0.721277 -0.863273 -1.00305
-0.0561414 -0.163078 -0.288418 -0.423028 -0.561878 -0.701535 -0.839695 -0.97567
-0.0549627 -0.159586 -0.282331 -0.414319 -0.550578 -0.687673 -0.823297 -0.956755
-0.0542664 -0.157595 -0.279036 -0.409816 -0.544932 -0.680914 -0.815429 -0.947777
